1 1 19 ':' 3 2 19
js.js:154 1 2 2 ':' 1 0 2
js.js:154 1 3 33 ':' 0 0 33
js.js:154 1 4 26 ':' 0 5 26
js.js:154 1 5 16 ':' 7 1 16
js.js:154 1 6 33 ':' 8 3 33
js.js:154 1 7 25 ':' 1 8 25
js.js:154 2 1 33 ':' 3 5 33
js.js:154 2 2 13 ':' 8 7 13
js.js:154 2 3 28 ':' 5 7 28
js.js:154 2 4 12 ':' 6 7 12
js.js:154 2 5 2 ':' 6 1 2
js.js:154 2 6 11 ':' 5 9 11
js.js:154 2 7 11 ':' 6 2 11
js.js:154 2 8 22 ':' 5 3 22
js.js:154 3 1 30 ':' 2 1 30
js.js:154 3 3 18 ':' 7 1 18
js.js:154 3 4 14 ':' 0 0 14
js.js:154 3 6 26 ':' 4 4 26
js.js:154 3 7 10 ':' 5 0 10
js.js:154 3 8 23 ':' 1 0 23
js.js:154 4 1 24 ':' 6 0 24
js.js:154 4 2 14 ':' 3 2 14
js.js:154 4 3 16 ':' 4 8 16
js.js:154 4 5 27 ':' 9 7 27
js.js:154 4 6 29 ':' 9 3 29
js.js:154 4 7 18 ':' 9 2 18
js.js:154 5 1 22 ':' 8 1 22
js.js:154 5 2 32 ':' 9 5 32
js.js:154 5 4 34 ':' 7 8 34
js.js:154 5 5 24 ':' 8 2 24
js.js:154 5 6 28 ':' 7 8 28
js.js:154 5 8 27 ':' 7 0 27
js.js:154 6 3 25 ':' 5 4 25
js.js:154 6 4 28 ':' 9 9 28
js.js:154 6 5 30 ':' 7 5 30
js.js:154 6 6 30 ':' 6 5 30
js.js:154 6 8 8 ':' 4 6 8
js.js:154 7 2 18 ':' 1 4 18
js.js:154 7 3 34 ':' 7 3 34
js.js:154 7 4 16 ':' 3 1 16
js.js:154 7 6 31 ':' 7 6 31
js.js:154 7 7 19 ':' 1 9 19
js.js:154 8 4 28 ':' 4 6 28
js.js:154 8 5 27 ':' 4 0 27
js.js:154 8 6 20 ':' 7 2 20
js.js:154 8 8 5 ':' 4 5 5